# y s(y) x
7.587889382149921857e+01 1.033068236185489930e+01 4.124305476370095036e+00
1.045071371275481908e+02 1.229780481343397902e+01 5.942647190740193430e+00
1.210383832574931944e+02 1.399358958939873787e+01 7.763911339727481931e+00
3.381305830902949197e+02 2.134483520476718965e+01 1.837589828099137534e+01
2.271228272214702599e+02 1.852239916624637317e+01 1.377938198013743332e+01
2.598353461926459431e+02 1.876736679914177586e+01 1.415253499074873744e+01
1.114601385976576893e+02 1.081721078172457950e+01 4.544609848703370147e+00
1.196893877943483631e+02 1.319664359249619778e+01 6.878733746216134648e+00
1.582511128017999340e+02 1.584718041964730872e+01 1.002341206098255988e+01
2.024979768612523117e+02 1.759580026532362496e+01 1.241226253991678696e+01
1.448398479616433292e+02 1.452836755530031887e+01 8.386987901221527153e+00
2.218896260510551883e+02 1.870341650570098935e+01 1.405464824288105419e+01
7.374850416246532347e+01 1.072044190098070615e+01 4.459471999685572285e+00
3.650199149686350353e+01 8.213854204813788584e+00 2.520727160863446503e+00
2.116492251101612680e+02 1.779866677244461926e+01 1.270557756848546482e+01
2.457906287370975917e+02 1.856211906357301800e+01 1.383955327329497109e+01
2.684572041412649810e+02 1.946560621155189708e+01 1.524304841434672575e+01
2.539623555010774680e+02 1.845342345748543877e+01 1.367519760217621894e+01
2.579186398815222958e+01 6.021910278115598203e+00 1.246054060362511429e+00
3.443842179364481240e+02 2.198234455288972100e+01 1.950422679909969048e+01
